Loss: 0.10558903962373734
Accuracy: 0.8254619836807251