Loss: 0.14584876596927643
Accuracy: 0.7946611642837524