Loss: 0.1407359093427658
Accuracy: 0.7227926254272461