Loss: 2.0762686729431152
Accuracy: 0.6268041133880615