Loss: 5.294144630432129
Accuracy: 0.6762886643409729